3 0.27630208333333334 0.6856481481481482 0.15364583333333334 0.6231481481481481
8 0.3125 0.5574074074074075 0.13229166666666667 0.55
3 0.34453125 0.600462962962963 0.08385416666666666 0.26944444444444443
10 0.38046875 0.5365740740740741 0.07447916666666667 0.21944444444444444
6 0.37916666666666665 0.4361111111111111 0.09583333333333333 0.21666666666666667
4 0.47265625 0.4620370370370371 0.08072916666666667 0.18888888888888888
4 0.41119791666666666 0.4587962962962963 0.06197916666666667 0.14351851851851852
3 0.57109375 0.33333333333333337 0.0609375 0.3111111111111111
6 0.6416666666666666 0.3662037037037037 0.04479166666666667 0.3138888888888889
3 0.67109375 0.3699074074074074 0.0609375 0.34351851851851856
3 0.7130208333333333 0.3652777777777778 0.06875 0.33240740740740743
